513
-891 722
9 -696
-266 -396
438 711
-376 -193
-645 386
326 448
-262 922
172 -108
-12 704
110 -947
201 -105
-297 96
558 -185
-493 792
-636 -117
-153 -729
38 -557
863 -422
-729 -852
170 442
-390 477
-318 -340
996 -20
-484 398
596 388
718 -320
-659 423
-749 -848
243 -275
-757 -672
206 903
-795 853
-158 -267
776 906
32 389
736 -613
-13 252
324 512
16 -962
-572 -879
625 273
22 -139
20 -964
969 163
-140 567
-464 -891
-11 379
918 481
-998 -76
300 116
-593 -222
-250 -3
-320 720
-418 724
-950 -593
-650 -94
-581 357
738 144
978 415
761 -852
-666 555
-5 -611
723 409
261 23
176 -875
679 139
954 -695
-553 621
-922 202
-452 445
-754 417
-659 -758
219 748
165 -369
917 454
-239 -195
375 -963
-88 -344
-357 363
655 -994
673 383
-580 -678
-316 -281
-465 971
137 -874
-274 -783
891 859
151 -844
747 25
187 856
-866 -157
-320 -742
-519 -604
314 -196
685 880
-633 -510
201 -129
459 539
-790 670
-591 898
-337 40
233 -171
-274 650
130 755
357 -641
-304 529
606 524
528 308
9 -695
-116 891
-644 368
-327 -885
-318 -668
-818 200
-257 568
-136 -74
668 -318
-417 -615
-457 509
304 -597
226 -928
-499 -151
336 -901
-157 912
-357 -679
-56 22
307 440
-257 674
-423 120
-967 670
-834 -500
420 -230
140 -528
895 -497
-98 464
997 -34
-152 256
118 471
804 -968
-613 811
-646 -606
15 109
537 906
131 956
488 4
-256 863
96 561
247 -280
583 -940
246 -891
-797 -165
-986 462
929 -157
979 535
-560 -741
242 -324
472 -484
115 123
820 544
-180 -104
0 542
894 -227
203 -326
726 435
819 -35
-126 -404
-130 -338
969 204
380 -7
-192 888
-766 -172
167 576
978 561
-862 433
-885 -81
135 963
923 -939
758 39
-288 -123
911 -706
-964 488
874 329
346 315
-894 68
-660 -765
-534 -253
-250 307
237 325
-3 -356
351 -728
998 -354
549 825
755 450
-610 629
162 -401
675 -787
592 -810
872 117
-897 196
661 -709
-958 100
124 -670
7 -2
860 181
-709 -973
-825 -651
-38 -280
284 -157
232 -867
-732 -13
-14 -697
-713 53
27 112
-924 83
993 275
601 -25
-765 320
700 521
363 275
593 -353
697 -117
907 435
232 -812
400 -189
-549 758
-104 -821
542 -344
-168 989
-607 554
-614 881
-64 899
-102 -407
-861 922
608 -159
641 -919
-26 -387
159 474
-199 607
-403 262
447 -450
884 159
327 166
-301 371
892 -634
875 -651
-397 -752
-627 741
854 -278
-926 -626
-430 -356
-480 849
99 616
173 -351
142 905
-705 -28
317 722
435 -680
-554 757
963 -323
681 -13
396 167
493 -203
724 910
-908 -260
63 -852
144 -324
319 -761
187 -385
-133 -738
-903 263
946 -928
826 839
-112 433
-692 -37
666 -760
296 -83
-951 344
-54 306
495 -751
-997 979
-279 -680
-177 -737
-511 -5
-381 -570
789 -768
932 -596
360 147
-392 -437
-562 -396
-543 -117
-93 640
-156 -356
-914 -172
-356 705
-379 472
-930 801
-502 534
165 -625
-217 892
84 213
973 -819
-83 929
113 -722
-480 675
116 716
-219 367
410 870
-561 -76
-382 623
-38 869
890 -321
-780 783
-334 131
545 -993
185 192
979 910
734 197
695 -591
-356 985
556 -544
329 -736
124 204
-920 663
-660 -599
-875 110
372 724
289 -979
-924 -206
-88 -318
708 814
-73 566
-101 -592
-24 -216
126 632
-367 761
959 -967
844 -928
-47 844
-426 -12
876 768
894 181
-259 -974
110 -924
-117 -514
-108 249
350 738
304 -732
742 461
402 800
645 -384
369 773
356 302
336 265
-847 -767
342 636
-912 659
127 -226
289 956
948 736
-137 267
-753 -479
-145 56
-748 876
-883 954
-414 -13
705 390
244 978
-243 268
621 777
-953 -398
-359 33
-430 -153
-859 -681
938 926
931 -296
-237 -212
-251 -223
-540 696
620 980
405 -559
-375 883
872 154
-254 316
215 -666
-406 527
33 -877
-183 -630
812 952
515 -638
-214 840
133 49
666 357
-614 -294
-860 167
-308 959
-480 -380
273 -453
-94 609
790 -329
-427 -750
-881 251
-431 686
-994 -763
589 -5
-616 -477
111 935
865 870
-17 -164
903 664
543 715
111 632
741 217
499 -608
-699 31
-751 888
-91 839
218 416
979 286
702 -378
14 -283
-152 951
-436 -786
359 686
994 709
104 -295
751 190
-18 740
-233 -209
91 -539
301 287
403 -760
794 808
476 -964
-645 87
480 -349
592 852
-191 -21
294 -94
756 30
-467 -748
-662 102
676 -85
-851 -339
251 99
43 -536
-209 -416
-717 -712
-235 309
-369 506
282 -718
870 -647
945 596
-262 -179
632 -947
-973 -671
508 745
820 -1000
122 293
782 -140
775 -971
-617 98
-520 -220
935 824
-519 442
-348 890
-700 102
-792 969
-389 526
157 -950
197 -717
-244 721
854 899
780 678
-227 -622
433 -906
-341 -63
590 477
566 -385
549 -482
-773 235
-981 -408
-786 -800
88 -556
799 637
-484 415
665 726
487 -492
-798 490
-212 807
-761 644
-613 -984
-437 544
804 -310
774 621
-132 169
491 -114
651 900
-150 -970
-513 -598
588 -856
11 -797
-659 -917
-291 398
-816 -864
-689 -171
-670 141
232 552
510 516
-255 -252
-2 -480
-81 9
27 -24
