668
560 931
458 209
-548 -219
611 882
46 307
100 604
95 548
685 884
613 -139
541 -727
-206 -709
902 -68
-188 -263
85 -173
567 219
533 -428
-302 -824
638 278
650 829
534 -492
-957 -280
239 -944
660 869
808 652
-990 -665
994 -69
64 162
-598 -172
577 -234
-36 -101
-986 281
774 -798
683 -248
-958 -568
-76 -967
215 344
430 -416
485 456
-256 979
-739 351
-511 -212
291 -22
-1 -259
525 -349
393 106
610 -359
-221 -289
785 -925
410 -365
-141 80
-115 -189
181 490
940 -391
985 114
563 -901
736 -244
79 -950
429 -88
969 807
-501 314
751 -480
-185 786
4 827
148 -580
413 453
827 -162
-268 -93
-962 -9
-381 339
-657 269
479 102
-394 -302
-773 518
279 -354
228 221
628 750
-802 -718
-499 -641
-78 -194
816 -840
-350 -927
-4 -401
-28 977
-583 733
609 78
797 721
-609 514
-987 -234
-244 118
902 -14
383 821
812 -402
-548 -87
12 490
45 360
408 66
430 755
90 -447
-138 787
638 522
-400 -225
-129 -309
19 829
-61 573
385 -258
-367 -221
-225 341
-81 -5
990 766
-368 502
230 -569
-262 372
850 -509
317 -616
-4 921
600 -59
-436 59
164 729
209 -751
-418 -790
147 976
907 -146
-517 389
-281 39
449 -805
-698 -615
-676 261
-599 -731
16 -705
-796 667
-408 814
857 409
859 606
-187 848
949 -742
-837 -992
-577 -765
-790 866
-123 -92
-218 61
916 -454
-86 -292
-524 -999
-708 597
230 574
380 -324
22 -805
-522 -530
964 453
-108 906
46 537
326 -361
-854 -976
459 247
-391 -967
-669 -886
58 920
368 -866
581 575
816 428
-436 -837
-721 -378
692 737
-746 943
407 851
205 538
25 694
-267 23
-762 326
-561 -494
880 -117
-624 -885
753 -96
-40 734
664 393
130 -202
458 786
-828 366
607 714
-300 -329
-385 -434
962 114
988 -183
-945 356
-727 84
669 -206
-845 555
-646 -509
797 -830
417 603
-110 386
861 -501
-837 727
-860 -881
-462 957
-766 -263
-120 476
-623 37
-366 569
191 132
377 -215
-294 824
389 -753
-90 580
186 787
875 594
987 172
984 473
-325 -210
316 -17
106 950
23 332
-202 -669
960 768
-495 -698
-575 987
484 -711
-677 347
-128 -325
783 -629
777 -185
-654 -409
-119 -390
785 846
533 731
-893 -458
832 847
-446 813
-508 -194
175 -952
131 -381
-269 -121
-397 995
719 -696
-989 -934
293 127
547 698
423 874
378 -149
421 674
-491 433
896 886
-98 -612
804 813
-101 928
560 100
528 -980
-904 -793
-627 584
-198 927
868 953
-691 123
-298 -361
-383 -271
-137 118
-838 505
758 -622
-776 712
836 -253
223 171
-269 -394
-985 -495
459 -961
236 185
-291 -299
335 -515
640 -979
-226 598
160 16
-769 342
-501 -160
-530 -467
666 -57
-823 308
-844 -738
-956 -661
271 -253
-861 -76
-928 -270
198 -82
4 234
196 -46
283 219
-649 403
-4 -73
532 588
-931 -327
-130 35
-477 791
-386 936
-989 -479
-771 -725
-907 456
390 -701
913 -520
435 -621
321 -372
397 -533
385 -71
206 -7
81 722
-497 -924
-455 -606
-766 240
407 -75
-682 -463
207 -819
-217 -349
691 -39
795 -129
-258 -83
923 -626
276 -129
-66 -509
-452 663
-453 752
87 -576
-999 -104
-914 -385
-40 25
-858 -330
-742 471
480 63
-911 -602
-425 454
-226 415
173 -636
-537 703
-203 320
-65 -342
785 -77
-905 -650
-547 732
669 -266
983 402
954 -547
-57 -392
-588 -418
-441 725
-300 -255
832 -97
377 -106
844 -38
734 7
-15 -460
-359 516
931 590
-61 438
697 -208
761 218
905 -828
-494 -274
633 508
-599 590
193 -348
-808 407
476 -15
-482 -612
-831 -796
551 651
-615 915
-758 442
620 364
-105 -574
995 15
-596 967
476 940
84 467
-717 -791
-605 -422
0 -722
794 -903
-798 740
-315 430
-113 944
-277 -84
476 -604
-707 457
-59 -555
531 -474
938 151
-878 -443
503 -53
-784 439
-327 -439
-232 975
828 -326
401 -470
502 -453
863 345
575 730
906 550
-735 485
-725 696
130 -141
-958 30
981 -97
-998 -502
123 -216
940 712
287 -589
620 985
479 -908
601 718
160 -567
640 165
-782 -257
-515 241
-475 -692
290 -478
928 -607
493 370
628 148
184 -904
-849 292
-527 -370
688 -628
-368 297
775 -570
673 119
449 489
-455 -367
-9 148
-96 -942
634 731
912 -981
-365 586
-32 -957
-328 -736
446 -444
-343 193
-521 611
159 299
121 -290
-873 -946
570 742
817 755
740 92
-466 -453
361 618
360 -175
617 789
24 581
265 -88
-227 -290
879 -462
876 588
-597 675
-800 809
-426 -837
-367 -224
-204 -938
378 -653
-142 269
-455 318
732 -459
-149 848
-269 -329
-904 71
-293 81
986 485
729 -262
798 -644
-72 -890
-115 659
457 586
772 -991
-204 -210
-48 612
-567 941
536 -963
586 960
-367 -164
-120 -784
-386 227
638 148
487 -906
881 485
-670 564
822 -770
574 691
-424 602
269 -776
-137 522
-314 -317
749 -870
136 790
-952 385
452 645
-478 522
-962 -39
529 319
844 -215
106 240
-612 907
553 -133
-787 -796
-230 -46
632 -193
-902 -759
-885 681
318 148
153 -903
-351 920
-396 903
-988 -352
-334 852
779 337
-228 -826
-571 825
-471 396
336 -749
15 930
863 835
-755 -64
83 438
108 874
687 165
454 178
227 498
-620 -941
566 -72
-65 382
681 -785
-33 -95
-953 831
-128 -794
539 86
-218 -60
55 726
11 107
394 263
-409 281
-923 336
670 -686
-347 93
-953 -492
-624 -878
-333 92
-580 909
542 -91
469 -653
-582 376
-887 -31
-306 -567
-80 887
549 -712
-434 757
125 -977
-594 534
-530 788
517 310
-787 -705
-195 693
319 141
303 244
384 805
483 312
851 -810
628 -189
507 679
290 -285
-279 -580
651 -818
704 -715
183 278
132 -237
-15 -941
204 30
-836 -784
357 -274
-834 -818
-594 -120
279 461
-995 -962
-223 -713
428 407
-754 492
985 532
739 -882
185 -584
-943 469
219 -627
218 174
-579 -366
-648 -232
-306 -730
-171 -987
-296 471
-3 761
141 429
-799 -637
-534 -194
218 156
-432 193
-999 905
262 -492
739 -820
-603 211
85 -859
-317 563
700 -515
-826 -921
-223 542
-891 922
697 557
502 703
-158 875
637 435
-112 445
621 -941
368 -691
665 -509
39 158
33 -78
-972 287
-339 -355
811 -125
-937 655
-206 170
-119 510
488 -85
544 460
827 -652
-747 302
-626 468
-390 -584
271 19
842 -216
-121 -812
855 97
346 337
-996 -558
-256 -578
-304 -402
949 111
483 654
467 -463
-994 -550
-95 139
520 597
-195 636
914 -31
-572 81
597 -611
-583 469
103 946
-690 -506
487 -294
-186 541
417 -288
-242 -255
-163 388
-302 -180
862 763
-546 -704
447 -849
674 -845
-714 -604
49 221
-323 -43
901 -74
869 518
-779 3
-878 -903
-368 693
820 -155
832 -908
