160
-811 -982
-269 -670
-293 659
827 -348
719 -532
-501 -484
-107 660
942 -141
628 -933
-305 -511
-333 -247
570 986
-652 -802
676 -887
-302 725
542 967
-42 19
-722 -755
-37 -650
383 -26
-104 -451
-848 -724
389 -447
545 197
515 406
575 -565
495 488
-539 790
-681 855
191 472
-231 776
835 -689
465 237
679 -312
-906 -4
627 101
132 528
267 -16
144 843
723 359
680 -962
111 -120
-814 555
435 3
770 -926
-339 560
177 121
-268 738
551 -644
256 -14
-200 307
255 41
874 365
-902 -438
559 733
-73 695
873 597
-775 743
-796 -450
81 235
76 457
619 558
-70 106
167 608
-172 -373
582 -835
134 -109
583 -797
-995 -588
-829 -44
-211 827
-2 -494
147 -836
-200 547
-761 -489
896 -616
-115 952
834 325
177 -120
-676 -156
-143 -211
398 -235
608 -133
-803 363
-432 759
145 756
646 448
458 -452
860 83
667 -568
-566 -934
-577 -345
-524 313
-60 828
620 -503
509 943
331 39
499 -548
918 807
213 -187
102 -20
-354 -302
-126 700
76 593
-439 598
-58 -261
69 886
-715 -817
-363 -788
-256 382
360 -253
364 740
383 265
-883 420
-235 654
958 308
-174 881
-152 -780
19 57
921 -330
178 -619
-765 -837
442 -414
-82 562
-56 677
-22 777
-792 -947
-527 -704
466 -37
-168 -87
-362 -950
-554 -499
179 -397
179 94
-152 -46
472 -934
273 -946
-963 540
-67 -898
986 823
-471 -906
227 944
-945 -16
-305 -159
950 996
210 -636
868 -167
-124 -474
48 -61
852 -922
-610 -500
341 906
758 -599
-910 -525
-134 725
289 -140
-666 -391
-805 -596
-981 432
149 -893
