954
-241 811
-936 -182
706 567
637 656
499 -303
-913 504
183 -255
773 72
-119 -965
576 -936
-836 541
683 -67
-325 -439
501 -321
-887 -936
101 590
-963 -821
-894 -115
394 -645
-341 98
-113 -452
-659 427
-314 602
705 -466
660 421
-305 -375
-60 -783
371 589
741 608
833 -396
49 -749
665 -100
376 225
187 -713
-248 409
-231 762
-610 975
-921 -404
647 260
-577 -45
-659 -960
-3 -432
601 -508
-974 -108
36 49
-13 -372
-946 -14
123 -355
-87 -708
766 87
815 -854
695 425
-641 829
-91 546
-210 350
-408 -123
-297 -818
-543 41
476 -490
744 388
-244 -172
435 -223
245 -161
708 -798
793 -192
154 -312
-842 -451
95 -203
831 -242
-336 57
-844 234
635 -833
921 -355
125 -538
484 113
-371 -366
265 -425
-503 -318
386 -979
270 -509
-171 821
-357 587
940 -740
-907 2
-47 920
178 395
-633 -583
-976 348
854 946
-642 -491
-525 190
-700 888
-74 -421
575 372
733 196
-362 -388
-351 -445
-528 -177
355 -113
-459 -761
-687 998
-416 172
220 626
-527 -369
-401 379
727 -190
-954 453
-302 495
370 -69
-263 -845
692 -200
902 582
777 743
357 115
399 -887
-886 -306
-450 363
32 409
313 855
-214 321
-519 983
971 101
683 -652
886 -677
-810 -298
77 902
-974 418
10 116
922 -803
-443 -658
524 -709
-631 -897
-671 739
-178 -805
-370 -197
-288 -840
19 555
-75 -127
-682 -996
-239 -920
-95 900
262 -263
573 -467
335 -555
-612 -466
98 -581
607 624
-253 336
531 -632
924 964
-74 -148
-79 601
16 -832
-377 718
-536 550
829 -28
-671 -397
88 424
471 -343
-144 810
574 860
2 -883
62 -781
-614 -342
-981 135
-686 -127
630 -901
-597 853
-22 -673
-181 958
-541 255
-800 272
-984 213
-732 499
-952 -169
939 677
-727 425
-257 435
109 862
-155 225
-417 -489
-283 -555
60 931
-450 -764
-514 -41
0 -509
-625 129
439 -804
-920 488
-756 -593
-81 -475
420 -525
343 619
-688 -532
280 212
999 757
904 -48
-346 -310
-264 -40
-978 -469
-398 -611
54 -166
-427 -783
-836 160
519 19
506 314
-999 453
250 261
-37 -613
403 -259
743 -523
606 -445
-592 68
653 530
-897 -778
-472 -812
-504 -285
-901 408
-86 368
831 537
-78 -674
270 673
-619 752
-906 -323
-892 857
205 -690
-231 -98
-307 -987
517 -508
-393 -253
-457 -257
-63 210
212 -147
329 764
305 360
-169 77
82 321
38 78
-251 59
373 824
-614 908
-941 166
163 -356
895 618
610 371
326 -33
-674 -810
109 3
-992 -423
152 737
-681 -852
-860 295
-84 694
784 749
-842 310
-491 -593
-410 -818
127 517
725 706
271 -197
841 -427
-12 55
-543 821
-717 323
-152 73
154 344
856 -561
434 -470
-573 -630
440 246
-255 798
-878 170
699 -922
-769 126
530 541
-401 -709
40 -425
-63 880
-338 -124
916 -670
-898 612
-685 73
32 -960
-765 187
525 960
-646 -321
-299 237
-792 248
573 -386
-736 -110
-701 498
-53 99
419 291
112 574
-167 -726
508 929
-418 691
154 -49
762 -673
-598 -554
548 279
-734 -778
793 -797
-484 -984
-126 -941
303 292
-275 -424
368 -613
357 -164
983 611
52 -538
2 230
815 895
848 -242
819 213
-783 -964
-243 -429
398 -575
653 231
-461 433
-915 -111
173 912
-50 -322
924 -121
-981 411
-23 -335
520 -338
428 930
11 -932
54 874
-636 -916
-497 485
-833 517
-858 -42
525 32
391 93
-951 165
-46 36
-490 -851
-506 -342
803 741
-187 -438
710 436
-994 -224
123 -93
-53 662
-846 -825
-404 659
383 371
827 616
220 -477
-480 -744
-670 -746
332 490
-916 -869
-320 926
60 74
715 659
-363 -725
-351 290
-531 -890
104 -379
387 -159
-183 -723
762 461
527 943
342 565
-300 546
-228 -429
469 350
682 -215
921 -984
-578 -893
-248 152
930 787
642 -46
-328 -200
483 -775
273 490
-124 226
931 406
-433 74
81 990
851 -519
102 878
28 97
100 414
-958 916
-639 233
104 -252
541 392
576 164
750 791
903 920
140 -860
746 -459
-51 -685
296 280
-506 -750
-919 195
858 268
-440 -477
731 325
-413 57
-781 908
92 445
290 763
265 943
253 -294
-224 -78
-266 769
-377 -377
-280 -275
-297 -461
453 -93
-929 718
-855 -543
219 -828
47 23
449 -937
-998 128
-654 772
49 366
-530 871
76 576
-719 -805
-104 -159
1 -116
582 90
-204 393
839 -719
-270 421
414 438
-160 273
675 -298
184 -864
482 415
920 -958
506 947
-752 -320
426 -265
-500 37
-225 810
595 645
-134 -777
20 -236
316 699
944 252
-84 626
-75 -285
139 798
66 180
-554 -566
-985 952
-726 -264
120 -81
736 425
-793 -989
33 -695
-288 863
180 615
-696 -701
149 576
-580 515
668 520
-156 919
-667 248
621 263
960 994
-643 -340
-396 -858
-733 -919
576 -633
243 -301
-932 -423
152 741
24 -197
269 -732
-290 -190
608 -49
554 646
-815 208
204 -215
962 -185
-917 544
-375 866
421 -158
87 807
-828 982
595 314
647 -336
-196 445
-639 -345
-853 456
-220 56
584 822
-289 -272
-310 670
-84 -418
677 696
-609 8
167 701
369 675
-967 -955
-474 -884
-906 -951
-886 402
822 117
967 626
-698 826
978 -709
139 288
243 793
-701 -395
393 -55
146 -835
-465 -194
-148 -48
880 386
991 796
448 735
-896 732
410 -932
-649 -575
-905 -563
196 -402
10 -798
879 -861
-926 -19
-626 -117
-450 833
-237 341
873 -874
-291 -590
311 633
-281 -491
65 -867
-859 208
847 -157
403 744
-105 689
-267 580
268 -824
383 -724
-148 11
143 -939
20 5
-871 878
642 62
-732 -546
624 -456
-127 285
-875 -513
49 9
14 -782
114 -311
-877 -856
603 322
-60 883
-688 -930
907 -736
-380 -567
-269 -804
-812 -55
-781 452
445 459
-509 933
895 64
-513 -760
697 71
442 4
303 -739
-974 -183
-62 -633
-985 504
-93 623
-61 -876
-128 -8
-547 651
-224 -65
-89 -58
437 -386
-18 218
976 869
-255 287
303 31
437 -467
-281 -156
-96 223
-271 894
256 300
-411 -944
102 -276
245 -48
-836 568
736 -552
613 733
-311 624
64 203
-471 991
976 201
-552 -391
215 232
-687 -822
-698 -691
-163 150
-950 -140
468 860
-595 -214
582 44
-554 -161
-309 431
793 -341
553 -887
279 -888
-384 711
-869 -558
-374 445
-780 215
-182 260
-881 469
744 583
-364 -403
102 449
158 -278
-511 210
572 -113
-550 958
912 -441
137 555
-342 302
174 14
181 -210
57 -113
270 784
401 721
-30 -703
-297 -827
994 847
102 -146
-698 669
-382 859
611 297
-847 -60
87 -413
-475 -986
422 906
-980 872
-729 990
-174 -855
-978 -724
-579 -890
985 821
495 97
283 -837
-500 786
997 -290
744 604
1 118
699 75
-593 944
688 721
-485 598
-22 -786
-177 -492
-947 -360
-939 -791
887 -303
-282 168
543 448
-616 490
9 -679
-330 538
203 -69
-965 864
-302 -706
354 491
511 249
-8 260
-812 -486
-410 -429
808 871
463 -335
574 -656
693 761
-322 75
314 862
208 -92
-291 256
752 536
626 -774
-193 546
-526 379
-595 681
-161 182
964 112
-96 885
-165 193
-513 510
-24 490
996 280
-389 -595
192 447
932 748
324 806
-24 356
700 272
67 894
-118 735
-642 -814
161 -378
474 -776
908 686
-744 -219
966 714
-946 827
-827 -390
32 370
-537 -157
-652 424
-342 151
-6 -462
-260 475
-597 -92
293 432
-885 -371
-805 -370
-120 -497
-622 -122
614 -510
235 669
-320 371
-650 -76
-390 318
-520 333
-444 490
-474 -769
162 41
-881 -891
900 -164
393 -458
745 -915
889 -158
500 -845
-569 -863
792 585
-336 -299
-257 671
-304 297
-303 429
756 -217
-937 519
91 456
746 -447
-864 924
414 -485
-643 560
-915 -910
650 -340
-756 181
223 -320
-237 -905
80 -541
-393 364
269 281
483 617
-842 -676
-824 -881
411 -28
-144 217
534 38
911 542
292 -845
-141 -868
-778 -815
-463 -530
-1000 -940
-92 454
805 -509
555 -230
86 902
-707 107
304 -595
-335 490
-891 -934
454 -716
96 -499
699 -479
-188 -327
592 -821
301 -309
-663 -217
-867 -571
-98 198
-31 453
476 -193
979 -995
-487 -663
-470 601
503 -494
-670 -5
11 -615
339 760
-696 993
-239 -254
-942 8
970 -261
-347 984
245 797
385 281
503 -191
702 -415
-140 -308
-164 -762
-8 185
-344 -480
448 -141
246 -647
-568 869
918 641
-764 -118
584 194
817 218
-882 65
790 -125
-826 565
-908 -361
-513 -324
-435 -629
-662 -405
-839 892
887 289
-243 -660
-858 276
335 -825
-104 111
446 -632
-770 129
-627 9
-967 684
-596 156
-614 990
-506 -949
399 -930
-710 464
892 -586
-21 -331
21 -367
-442 525
639 -18
691 892
767 981
-45 -829
-328 745
176 91
980 80
-178 654
-177 -304
-11 297
74 640
773 669
-140 417
-92 -680
-389 715
885 -453
-952 786
-790 123
-715 871
724 200
144 -13
513 918
-522 697
-100 -961
-562 1
120 967
159 -219
11 -376
575 -222
290 -441
-487 784
75 -945
-514 413
-648 548
264 -536
471 -24
-876 291
-25 197
115 691
-200 -58
-236 279
-179 612
545 -793
-573 -736
797 980
-166 -238
-467 -67
551 972
-601 229
218 -598
417 917
-297 -40
913 -744
666 -496
705 618
-358 -929
-742 292
-936 335
717 -858
829 -122
84 -776
500 645
-57 -642
824 -430
142 -947
437 667
523 -781
-859 299
790 -100
-285 -571
353 -367
763 106
-878 -650
-814 -188
-59 979
480 -944
55 423
-751 57
-178 417
-859 57
-931 539
830 -86
590 959
-231 -851
119 994
235 677
339 -877
-182 517
784 390
80 677
-611 -573
420 -422
780 61
-602 352
869 71
-273 745
216 -700
-99 279
-575 323
917 438
-402 875
549 350
38 -546
642 764
-390 -315
